SPEAKER         id       #SENT      #WORD       Corr        Sub        Ins        Del        Err      S.Err
M0000000085     raw        102        479        315        149         19         15        183         83
M0000000085     sys        102        479      65.76      31.11       3.97       3.13      38.20      81.37
M0000000105     raw        102        479        357        117         24          5        146         75
M0000000105     sys        102        479      74.53      24.43       5.01       1.04      30.48      73.53
M0000000107     raw        102        479        294        170         22         15        207         84
M0000000107     sys        102        479      61.38      35.49       4.59       3.13      43.22      82.35
M0000000124     raw        102        479        313        152         25         14        191         84
M0000000124     sys        102        479      65.34      31.73       5.22       2.92      39.87      82.35
M0000000131     raw        102        479        239        194         16         46        256         91
M0000000131     sys        102        479      49.90      40.50       3.34       9.60      53.44      89.22
SUM             raw        510       2395       1518        782        106         95        983        417
SUM             sys        510       2395      63.38      32.65       4.43       3.97      41.04      81.76
