SPEAKER         id       #SENT      #WORD       Corr        Sub        Ins        Del        Err      S.Err
M0000000085     raw        102        479         53        330         16         96        442        102
M0000000085     sys        102        479      11.06      68.89       3.34      20.04      92.28     100.00
M0000000105     raw        102        479        125        340         39         14        393        102
M0000000105     sys        102        479      26.10      70.98       8.14       2.92      82.05     100.00
M0000000107     raw        102        479         44        337         14         98        449        102
M0000000107     sys        102        479       9.19      70.35       2.92      20.46      93.74     100.00
M0000000124     raw        102        479         98        318         13         63        394        101
M0000000124     sys        102        479      20.46      66.39       2.71      13.15      82.25      99.02
M0000000131     raw        102        479         10        299          7        170        476        102
M0000000131     sys        102        479       2.09      62.42       1.46      35.49      99.37     100.00
SUM             raw        510       2395        330       1624         89        441       2154        509
SUM             sys        510       2395      13.78      67.81       3.72      18.41      89.94      99.80
