SPEAKER         id       #SENT      #WORD       Corr        Sub        Ins        Del        Err      S.Err
M0000000085     raw        102        479        166        270         15         43        328         95
M0000000085     sys        102        479      34.66      56.37       3.13       8.98      68.48      93.14
M0000000105     raw        102        479        252        212         25         15        252         96
M0000000105     sys        102        479      52.61      44.26       5.22       3.13      52.61      94.12
M0000000107     raw        102        479        142        279         18         58        355         98
M0000000107     sys        102        479      29.65      58.25       3.76      12.11      74.11      96.08
M0000000124     raw        102        479        207        229         17         43        289         95
M0000000124     sys        102        479      43.22      47.81       3.55       8.98      60.33      93.14
M0000000131     raw        102        479         96        273         13        110        396        102
M0000000131     sys        102        479      20.04      56.99       2.71      22.96      82.67     100.00
SUM             raw        510       2395        863       1263         88        269       1620        486
SUM             sys        510       2395      36.03      52.73       3.67      11.23      67.64      95.29
