SPEAKER         id       #SENT      #WORD       Corr        Sub        Ins        Del        Err      S.Err
M0000000085     raw        102        479        274        182         16         23        221         92
M0000000085     sys        102        479      57.20      38.00       3.34       4.80      46.14      90.20
M0000000105     raw        102        479        324        152         22          3        177         85
M0000000105     sys        102        479      67.64      31.73       4.59       0.63      36.95      83.33
M0000000107     raw        102        479        235        211         19         33        263         94
M0000000107     sys        102        479      49.06      44.05       3.97       6.89      54.91      92.16
M0000000124     raw        102        479        263        191         17         25        233         88
M0000000124     sys        102        479      54.91      39.87       3.55       5.22      48.64      86.27
M0000000131     raw        102        479        141        267         12         71        350        100
M0000000131     sys        102        479      29.44      55.74       2.51      14.82      73.07      98.04
SUM             raw        510       2395       1237       1003         86        155       1244        459
SUM             sys        510       2395      51.65      41.88       3.59       6.47      51.94      90.00
