SPEAKER         id       #SENT      #WORD       Corr        Sub        Ins        Del        Err      S.Err
M0000000085     raw        102        479        296        164         19         19        202         88
M0000000085     sys        102        479      61.80      34.24       3.97       3.97      42.17      86.27
M0000000105     raw        102        479        329        146         27          4        177         81
M0000000105     sys        102        479      68.68      30.48       5.64       0.84      36.95      79.41
M0000000107     raw        102        479        247        206         22         26        254         87
M0000000107     sys        102        479      51.57      43.01       4.59       5.43      53.03      85.29
M0000000124     raw        102        479        277        179         24         23        226         89
M0000000124     sys        102        479      57.83      37.37       5.01       4.80      47.18      87.25
M0000000131     raw        102        479        150        253         14         76        343         98
M0000000131     sys        102        479      31.32      52.82       2.92      15.87      71.61      96.08
SUM             raw        510       2395       1299        948        106        148       1202        443
SUM             sys        510       2395      54.24      39.58       4.43       6.18      50.19      86.86
