SPEAKER         id       #SENT      #WORD       Corr        Sub        Ins        Del        Err      S.Err
M0000000085     raw        102        479         98        307         27         74        408        102
M0000000085     sys        102        479      20.46      64.09       5.64      15.45      85.18     100.00
M0000000105     raw        102        479        129        338         55         12        405        101
M0000000105     sys        102        479      26.93      70.56      11.48       2.51      84.55      99.02
M0000000107     raw        102        479         39        197          5        243        445        102
M0000000107     sys        102        479       8.14      41.13       1.04      50.73      92.90     100.00
M0000000124     raw        102        479        119        276         27         84        387        101
M0000000124     sys        102        479      24.84      57.62       5.64      17.54      80.79      99.02
M0000000131     raw        102        479         11        138          4        330        472        102
M0000000131     sys        102        479       2.30      28.81       0.84      68.89      98.54     100.00
SUM             raw        510       2395        396       1256        118        743       2117        508
SUM             sys        510       2395      16.53      52.44       4.93      31.02      88.39      99.61
